time,xt_0,xt_1,xt_2,xt_3,xb_0,xb_1,xb_2
0,0.138,0.209,0.003,0.003,0,0,0
1,0.138,0.21,0.012,0.015,0,0,0
2,0.139,0.21,0.011,0.026,0,0,0
3,0.139,0.21,0.011,0.037,0,0,0
4,0.139,0.209,0.028,0.065,0,0,0
5,0.139,0.21,0.009,0.074,0,0,0
6,0.139,0.209,0.147,0.222,0,0,0
7,0.139,0.209,0.026,0.248,0,0,1
8,0.139,0.21,0.026,0.274,0,0,1
9,0.139,0.209,0.022,0.298,0,0,1
10,0.139,0.209,0.145,0.445,0,0,1
11,0.138,0.211,0.03,0.474,0,0,1
12,0.138,0.21,0.153,0.627,0,0,1
13,0.138,0.21,0.027,0.652,0,0,1
14,0.139,0.211,0.02,0.671,0,0,1
15,0.139,0.209,0.008,0.681,0,0,1
16,0.139,0.209,0.026,0.708,0,0,1
17,0.139,0.21,0.003,0.711,0,0,1
18,0.139,0.21,0.017,0.723,0,0,1
19,0.139,0.208,0.007,0.733,0,0,1
20,0.138,0.208,0.007,0.741,0,0,1
21,0.139,0.209,0.025,0.765,0,0,1
22,0.138,0.209,0.003,0.766,0,0,0
23,0.139,0.209,0.15,0.921,0,0,0
24,0.139,0.209,0.02,0.02,0,0,0
25,0.139,0.209,0.017,0.037,0,0,0
26,0.139,0.21,0.036,0.073,0,0,0
27,0.138,0.21,0.004,0.077,0,0,0
28,0.139,0.209,0.037,0.115,0,0,0
29,0.139,0.209,0.02,0.134,0,0,0
30,0.138,0.21,0.019,0.154,0,0,0
31,0.138,0.21,0.038,0.192,0,0,1
32,0.139,0.209,0.012,0.204,0,0,1
33,0.138,0.209,0.043,0.247,0,0,1
34,0.139,0.21,0.187,0.433,0,0,1
35,0.139,0.21,0.037,0.472,0,0,1
36,0.139,0.21,0.202,0.676,0,0,1
37,0.139,0.21,0.004,0.675,0,0,1
38,0.138,0.21,0.026,0.7,0,0,1
39,0.139,0.209,0.028,0.732,0,0,1
40,0.139,0.208,0.035,0.763,0,0,1
41,0.138,0.209,0.029,0.793,0,0,1
42,0.139,0.21,0.041,0.836,0,0,1
43,0.14,0.209,0.003,0.84,0,0,1
44,0.138,0.209,0.028,0.867,0,0,1
45,0.139,0.208,0.002,0.868,0,0,1
46,0.139,0.209,0.007,0.875,0,0,0
47,0.139,0.21,0.031,0.906,0,0,0
48,0.139,0.21,0.015,0.015,0,0,0
49,0.138,0.208,0.02,0.035,0,0,0
50,0.139,0.209,0.02,0.055,0,0,0
51,0.138,0.209,0.012,0.068,0,0,0
52,0.138,0.21,0.02,0.087,0,0,0
53,0.139,0.21,0.015,0.103,0,0,0
54,0.138,0.21,0.005,0.108,0,0,0
55,0.139,0.21,0.007,0.114,0,0,1
56,0.138,0.208,0.035,0.15,0,0,1
57,0.139,0.21,0.028,0.178,0,0,1
58,0.139,0.209,0.014,0.191,0,0,1
59,0.139,0.21,0.154,0.346,0,0,1
60,0.139,0.209,0.006,0.35,0,0,1
61,0.139,0.209,0.189,0.539,0,0,1
62,0.139,0.209,0.011,0.55,0,0,1
63,0.139,0.21,0.169,0.722,0,0,1
64,0.139,0.21,0.009,0.727,0,0,1
65,0.139,0.21,0.007,0.736,0,0,1
66,0.139,0.209,0.038,0.778,0,0,1
67,0.139,0.209,0.029,0.808,0,0,1
68,0.139,0.21,0.032,0.835,0,0,1
69,0.138,0.209,0.023,0.857,0,0,1
70,0.139,0.208,0.022,0.884,0,0,0
71,0.139,0.209,0.03,0.908,0,0,0
72,0.139,0.21,0.065,0.064,0,1,0
73,0.139,0.209,0.07,0.134,0,1,0
74,0.138,0.209,0.019,0.154,0,1,0
75,0.139,0.21,0.063,0.217,0,1,0
76,0.139,0.209,0.06,0.278,0,1,0
77,0.139,0.209,0.006,0.283,0,1,0
78,0.138,0.209,0.02,0.302,0,1,0
79,0.139,0.209,0.003,0.307,0,1,1
80,0.139,0.209,0.058,0.364,0,1,1
81,0.138,0.21,0.027,0.392,0,1,1
82,0.139,0.209,0.023,0.416,0,1,1
83,0.139,0.21,0.025,0.443,0,1,1
84,0.138,0.209,0.064,0.505,0,1,1
85,0.139,0.209,0.034,0.539,0,1,1
86,0.139,0.209,0.008,0.547,0,1,1
87,0.139,0.21,0.017,0.564,0,1,1
88,0.139,0.21,0.023,0.587,0,1,1
89,0.138,0.209,0.023,0.609,0,1,1
90,0.138,0.21,0.045,0.659,0,1,1
91,0.139,0.21,0.018,0.673,0,1,1
92,0.138,0.21,0.049,0.722,0,1,1
93,0.139,0.209,0.065,0.788,0,1,1
94,0.138,0.21,0.067,0.855,0,1,0
95,0.139,0.208,0.045,0.902,0,1,0
96,0.139,0.209,0.022,0.022,0,1,0
97,0.138,0.209,0.021,0.043,0,1,0
98,0.138,0.21,0.015,0.058,0,1,0
99,0.138,0.209,0.001,0.059,0,1,0
100,0.139,0.208,0.001,0.06,0,1,0
101,0.139,0.209,0.024,0.083,0,1,0
102,0.139,0.209,0.021,0.105,0,1,0
103,0.139,0.21,0.016,0.12,0,1,1
104,0.139,0.21,0.105,0.226,0,1,1
105,0.139,0.209,0.005,0.23,0,1,1
106,0.139,0.209,0.004,0.234,0,1,1
107,0.139,0.211,0.121,0.356,0,1,1
108,0.138,0.21,0.003,0.36,0,1,1
109,0.139,0.21,0.022,0.382,0,1,1
110,0.139,0.21,0.021,0.403,0,1,1
111,0.139,0.209,0.022,0.425,0,1,1
112,0.138,0.209,0.018,0.443,0,1,1
113,0.139,0.209,0.116,0.559,0,1,1
114,0.139,0.211,0.009,0.57,0,1,1
115,0.139,0.211,0.102,0.671,0,1,1
116,0.139,0.211,0.118,0.788,0,1,1
117,0.139,0.21,0.019,0.811,0,1,1
118,0.139,0.21,0.007,0.817,0,1,0
119,0.139,0.211,0.112,0.931,0,1,0
120,0.138,0.21,0.001,0.001,0,0,0
121,0.139,0.21,0.018,0.019,0,0,0
122,0.138,0.21,0.016,0.035,0,0,0
123,0.138,0.21,0.014,0.049,0,0,0
124,0.138,0.21,0.006,0.055,0,0,0
125,0.139,0.21,0.013,0.069,0,0,0
126,0.138,0.21,0.003,0.072,0,0,0
127,0.139,0.21,0.016,0.088,0,0,1
128,0.139,0.21,0.001,0.09,0,0,1
129,0.139,0.211,0.001,0.091,0,0,1
130,0.139,0.21,0.009,0.1,0,0,1
131,0.138,0.21,0.018,0.118,0,0,1
132,0.139,0.209,0.005,0.123,0,0,1
133,0.138,0.21,0.007,0.131,0,0,1
134,0.138,0.211,0.015,0.146,0,0,1
135,0.138,0.211,0.088,0.236,0,0,1
136,0.138,0.211,0.019,0.255,0,0,1
137,0.138,0.21,0.078,0.332,0,0,1
138,0.139,0.212,0.009,0.342,0,0,1
139,0.139,0.212,0.149,0.494,0,0,1
140,0.138,0.213,0.094,0.582,0,0,1
141,0.138,0.213,0.168,0.749,0,0,1
142,0.139,0.213,0.093,0.846,0,0,0
143,0.138,0.213,0.095,0.939,0,0,0
144,0.138,0.214,0.033,0.033,0,0,0
145,0.139,0.213,0.001,0.035,0,0,0
146,0.138,0.213,0.006,0.04,0,0,0
147,0.139,0.214,0.029,0.069,0,0,0
148,0.138,0.213,0.003,0.073,0,0,0
149,0.139,0.213,0.001,0.075,0,0,0
150,0.139,0.213,0.006,0.081,0,0,0
151,0.138,0.213,0.003,0.084,0,0,1
152,0.139,0.215,0.033,0.116,0,0,1
153,0.138,0.213,0.003,0.12,0,0,1
154,0.139,0.214,0.056,0.176,0,0,1
155,0.138,0.214,0.003,0.18,0,0,1
156,0.139,0.214,0.029,0.209,0,0,1
157,0.139,0.215,0.003,0.212,0,0,1
158,0.139,0.214,0.03,0.242,0,0,1
159,0.139,0.215,0.059,0.299,0,0,1
160,0.138,0.214,0.058,0.359,0,0,1
161,0.139,0.215,0.029,0.386,0,0,1
162,0.139,0.215,0.109,0.496,0,0,1
163,0.139,0.217,0.13,0.624,0,0,1
164,0.139,0.216,0.08,0.71,0,0,1
165,0.139,0.218,0.208,0.916,0,0,1
166,0.139,0.22,0.131,1.043,0,0,0
167,0.139,0.219,0.002,1.046,0,0,0
168,0.139,0.219,0.032,0.032,1,0,0
169,0.139,0.22,0.016,0.047,1,0,0
170,0.14,0.221,0.001,0.048,1,0,0
171,0.139,0.22,0.015,0.063,1,0,0
172,0.139,0.22,0.015,0.079,1,0,0
173,0.139,0.221,0.003,0.083,1,0,0
174,0.14,0.221,0.015,0.098,1,0,0
175,0.139,0.22,0.014,0.112,1,0,1
176,0.14,0.22,0.043,0.155,1,0,1
177,0.14,0.222,0.066,0.222,1,0,1
178,0.14,0.222,0.055,0.276,1,0,1
179,0.14,0.222,0.042,0.318,1,0,1
180,0.14,0.22,0.044,0.363,1,0,1
181,0.14,0.22,0.03,0.391,1,0,1
182,0.141,0.22,0.054,0.445,1,0,1
183,0.141,0.218,0.053,0.502,1,0,1
184,0.141,0.218,0.042,0.541,1,0,1
185,0.142,0.218,0.031,0.575,1,0,1
186,0.142,0.218,0.074,0.649,1,0,1
187,0.142,0.219,0.065,0.712,1,0,1
188,0.143,0.22,0.104,0.821,1,0,1
189,0.142,0.223,0.148,0.963,1,0,1
190,0.142,0.225,0.138,1.106,1,0,0
191,0.143,0.226,0.162,1.268,1,0,0
192,0.143,0.229,0.042,0.042,1,0,0
193,0.144,0.23,0.059,0.101,1,0,0
194,0.143,0.229,0.016,0.117,1,0,0
195,0.143,0.229,0.008,0.125,1,0,0
196,0.143,0.228,0.024,0.15,1,0,0
197,0.143,0.228,0.009,0.16,1,0,0
198,0.142,0.23,0.022,0.182,1,0,0
199,0.144,0.231,0.049,0.23,1,0,1
200,0.144,0.232,0.09,0.32,1,0,1
201,0.144,0.231,0.077,0.397,1,0,1
202,0.146,0.234,0.124,0.523,1,0,1
203,0.146,0.234,0.116,0.638,1,0,1
204,0.147,0.233,0.11,0.746,1,0,1
205,0.148,0.231,0.097,0.851,1,0,1
206,0.149,0.231,0.125,0.967,1,0,1
207,0.149,0.23,0.089,1.062,1,0,1
208,0.151,0.228,0.102,1.167,1,0,1
209,0.151,0.229,0.106,1.262,1,0,1
210,0.153,0.228,0.101,1.366,1,0,1
211,0.153,0.224,0.086,1.46,1,0,1
212,0.153,0.226,0.11,1.565,1,0,1
213,0.153,0.228,0.14,1.708,1,0,1
214,0.153,0.229,0.137,1.847,1,0,0
215,0.154,0.23,0.09,1.929,1,0,0
216,0.154,0.228,0.075,0.075,1,0,0
217,0.154,0.228,0.041,0.117,1,0,0
218,0.156,0.229,0.023,0.14,1,0,0
219,0.155,0.229,0.008,0.148,1,0,0
220,0.154,0.228,0.009,0.158,1,0,0
221,0.155,0.229,0.0,0.158,1,0,0
222,0.156,0.229,0.036,0.193,1,0,0
223,0.155,0.23,0.071,0.263,1,0,1
224,0.155,0.231,0.07,0.334,1,0,1
225,0.149,0.234,0.1,0.432,1,0,1
226,0.149,0.234,0.114,0.549,1,0,1
227,0.148,0.235,0.13,0.676,1,0,1
228,0.149,0.234,0.115,0.794,1,0,1
229,0.149,0.233,0.083,0.872,1,0,1
230,0.151,0.232,0.118,0.993,1,0,1
231,0.151,0.229,0.085,1.077,1,0,1
232,0.15,0.23,0.114,1.193,1,0,1
233,0.151,0.229,0.096,1.283,1,0,1
234,0.152,0.23,0.07,1.354,1,0,1
235,0.152,0.227,0.079,1.436,1,0,1
236,0.153,0.231,0.197,1.641,1,0,1
237,0.154,0.232,0.12,1.752,1,0,1
238,0.155,0.233,0.157,1.902,1,0,0
239,0.156,0.229,0.087,2.005,1,0,0
